 function cutoff=cutoff_transition(z)    





omega=sqrt(4.5666666757999997e+2.*(5.9703999999999996e+3.*z.^7+4.7270999999999995e+3.*z.^6-32502.*z.^5-18575.*z.^4+6.1e+4.*z.^3+15018.*z.^2-4.448e+4.*z+1.757e+4)./(7.4629999999999995e+2.*z.^8+6.7529999999999995e+2.*z.^7-541.*z.^6-3715.*z.^5+1.525e+4.*z.^4+5006.*z.^3-2.224e+4.*z.^2+1.757e+4.*z+5.966e+4)+5.2136111319655545e+4./(7.4629999999999995e+2.*z.^8+6.7529999999999995e+2.*z.^7-5417.*z.^6-3715.*z.^5+1.525e+4.*z.^4+5006.*z.^3-2.224e+4.*z.^2+1.757e+4.*z+5.966e+4).^2);
     
cutoff=2.*pi./omega;