function cutoff=cutoff_corona(z)    







omega=sqrt(4.5666666757999997e+2.*(2.788e+5.*z.^7+9.352e+5.*z.^6)./(3.485e+4.*z.^8+1.336e+5.*z.^7)+5.2136111319655545e+4./(3.485e+4.*z.^8+1.336e+5.*z.^7).^2);

cutoff=2.*pi./omega;