name: yimin_env
channels:
  - conda-forge
  - defaults
dependencies:
  - _libgcc_mutex=0.1=main
  - bzip2=1.0.8=h516909a_1
  - ca-certificates=2019.8.28=0
  - cairo=1.16.0=hfb77d84_1002
  - certifi=2019.9.11=py37_0
  - cudatoolkit=10.0.130=0
  - cudnn=7.6.0=cuda10.0_0
  - dbus=1.13.6=he372182_0
  - expat=2.2.5=he1b5a44_1004
  - ffmpeg=4.1.3=h167e202_0
  - fontconfig=2.13.1=h86ecdb6_1001
  - freetype=2.10.0=he983fc9_1
  - gettext=0.19.8.1=hc5be6a0_1002
  - giflib=5.1.9=h516909a_0
  - glib=2.58.3=py37h6f030ca_1002
  - gmp=6.1.2=hf484d3e_1000
  - gnutls=3.6.5=hd3a4fd2_1002
  - graphite2=1.3.13=hf484d3e_1000
  - gst-plugins-base=1.14.5=h0935bb2_0
  - gstreamer=1.14.5=h36ae1b5_0
  - harfbuzz=2.4.0=h9f30f68_3
  - hdf5=1.10.5=nompi_h3c11f04_1104
  - icu=64.2=he1b5a44_1
  - jasper=1.900.1=h07fcdf6_1006
  - jpeg=9c=h14c3975_1001
  - lame=3.100=h14c3975_1001
  - libblas=3.8.0=14_openblas
  - libcblas=3.8.0=14_openblas
  - libclang=9.0.0=default_hde54327_4
  - libedit=3.1.20181209=hc058e9b_0
  - libffi=3.2.1=hd88cf55_4
  - libgcc-ng=9.1.0=hdf63c60_0
  - libgfortran-ng=7.3.0=hdf63c60_2
  - libiconv=1.15=h516909a_1005
  - liblapack=3.8.0=14_openblas
  - liblapacke=3.8.0=14_openblas
  - libllvm9=9.0.0=hc9558a2_3
  - libopenblas=0.3.7=h6e990d7_3
  - libpng=1.6.37=hed695b0_0
  - libstdcxx-ng=9.1.0=hdf63c60_0
  - libtiff=4.1.0=hc3755c2_1
  - libuuid=2.32.1=h14c3975_1000
  - libwebp=1.0.2=h576950b_1
  - libxcb=1.13=h14c3975_1002
  - libxkbcommon=0.9.1=hebb1f50_0
  - libxml2=2.9.10=hee79883_0
  - lz4-c=1.8.3=he1b5a44_1001
  - ncurses=6.1=he6710b0_1
  - nettle=3.4.1=h1bed415_1002
  - nspr=4.23=he1b5a44_0
  - nss=3.46=he751ad9_0
  - openh264=1.8.0=hdbcaa40_1000
  - openssl=1.1.1d=h7b6447c_3
  - pcre=8.43=he1b5a44_0
  - pip=19.2.3=py37_0
  - pixman=0.38.0=h516909a_1003
  - pthread-stubs=0.4=h14c3975_1001
  - python=3.7.4=h265db76_1
  - qt=5.12.5=h0c104cb_0
  - readline=7.0=h7b6447c_5
  - setuptools=41.4.0=py37_0
  - sqlite=3.30.0=h7b6447c_0
  - tk=8.6.8=hbc83047_0
  - wheel=0.33.6=py37_0
  - x264=1!152.20180806=h14c3975_0
  - xorg-kbproto=1.0.7=h14c3975_1002
  - xorg-libice=1.0.10=h516909a_0
  - xorg-libsm=1.2.3=h84519dc_1000
  - xorg-libx11=1.6.9=h516909a_0
  - xorg-libxau=1.0.9=h14c3975_0
  - xorg-libxdmcp=1.1.3=h516909a_0
  - xorg-libxext=1.3.4=h516909a_0
  - xorg-libxrender=0.9.10=h516909a_1002
  - xorg-renderproto=0.11.1=h14c3975_1002
  - xorg-xextproto=7.3.0=h14c3975_1002
  - xorg-xproto=7.0.31=h14c3975_1007
  - xz=5.2.4=h14c3975_4
  - zlib=1.2.11=h7b6447c_3
  - zstd=1.4.4=h3b9ef0a_1
  - pip:
    - absl-py==0.8.1
    - astor==0.8.0
    - cycler==0.10.0
    - datetime==4.3
    - decorator==4.4.0
    - dill==0.3.1.1
    - gast==0.2.2
    - google-pasta==0.1.7
    - grpcio==1.24.1
    - h5py==2.10.0
    - hickle==3.4.5
    - imageio==2.6.1
    - joblib==0.14.0
    - keras==2.2.4
    - keras-applications==1.0.8
    - keras-preprocessing==1.1.0
    - kiwisolver==1.1.0
    - markdown==3.1.1
    - matplotlib==3.1.1
    - mock==3.0.5
    - networkx==2.4
    - numpy==1.17.2
    - opencv-python==4.1.1.26
    - opt-einsum==3.1.0
    - pandas==0.25.1
    - pillow==6.2.0
    - protobuf==3.10.0
    - pyparsing==2.4.2
    - python-dateutil==2.8.0
    - pytz==2019.3
    - pywavelets==1.0.3
    - pyyaml==5.1.2
    - scikit-image==0.16.1
    - scikit-learn==0.21.3
    - scipy==1.3.1
    - six==1.12.0
    - tensorboard==1.13.1
    - tensorflow-estimator==1.13.0
    - tensorflow-gpu==1.13.1
    - termcolor==1.1.0
    - werkzeug==0.16.0
    - wrapt==1.11.2
    - zope-interface==4.6.0
prefix: /jmain01/home/JAD009/txk08/yxw50-txk08/.conda/envs/yimin_env

